0.0 0.515
1.0 0.502
2.0 0.516
3.0 0.545
4.0 0.53
5.0 0.503
6.0 0.547
7.0 0.518
8.0 0.53
9.0 0.561
10.0 0.607
11.0 0.736
12.0 0.718
13.0 0.855
14.0 0.849
15.0 0.847
16.0 0.833
17.0 0.809
18.0 0.816
19.0 0.793
20.0 0.789
21.0 0.787
22.0 0.773
23.0 0.768
24.0 0.758
25.0 0.74
26.0 0.737
27.0 0.727
28.0 0.719
29.0 0.709
30.0 0.695
31.0 0.692
32.0 0.67
33.0 0.67
34.0 0.659
35.0 0.644
36.0 0.635
37.0 0.632
38.0 0.617
39.0 0.605
40.0 0.602
41.0 0.585
42.0 0.579
43.0 0.571
44.0 0.562
45.0 0.546
46.0 0.54
47.0 0.532
48.0 0.524
49.0 0.507
50.0 0.505
51.0 0.502
52.0 0.512
53.0 0.527
54.0 0.537
55.0 0.545
56.0 0.557
57.0 0.576
58.0 0.574
59.0 0.588
60.0 0.602
61.0 0.606
62.0 0.609
63.0 0.621
64.0 0.637
65.0 0.644
66.0 0.655
67.0 0.666
68.0 0.668
69.0 0.686
70.0 0.693
71.0 0.707
72.0 0.721
73.0 0.721
74.0 0.731
75.0 0.741
76.0 0.751
77.0 0.767
78.0 0.776
79.0 0.781
80.0 0.793
81.0 0.807
82.0 0.813
83.0 0.826
84.0 0.828
85.0 0.847
86.0 0.853
87.0 0.861
88.0 0.781
89.0 0.875
90.0 0.528
91.0 0.546
92.0 0.645
93.0 0.537
94.0 0.51
95.0 0.583
96.0 0.591
97.0 0.515
98.0 0.513
99.0 0.554
100.0 0.539
