0.0 0.512
1.0 0.541
2.0 0.549
3.0 0.523
4.0 0.565
5.0 0.594
6.0 0.564
7.0 0.61
8.0 0.606
9.0 0.564
10.0 0.53
11.0 0.596
12.0 0.632
13.0 0.535
14.0 0.64
15.0 0.592
16.0 0.628
17.0 0.624
18.0 0.593
19.0 0.611
20.0 0.571
21.0 0.631
22.0 0.634
23.0 0.654
24.0 0.628
25.0 0.642
26.0 0.719
27.0 0.652
28.0 0.648
29.0 0.727
30.0 0.67
31.0 0.704
32.0 0.719
33.0 0.692
34.0 0.704
35.0 0.556
36.0 0.563
37.0 0.648
38.0 0.565
39.0 0.567
40.0 0.6
41.0 0.625
42.0 0.57
43.0 0.617
44.0 0.587
45.0 0.652
46.0 0.633
47.0 0.646
48.0 0.616
49.0 0.65
50.0 0.606
51.0 0.691
52.0 0.673
53.0 0.672
54.0 0.641
55.0 0.681
56.0 0.667
57.0 0.715
58.0 0.669
59.0 0.636
60.0 0.684
61.0 0.698
62.0 0.712
63.0 0.738
64.0 0.712
65.0 0.75
66.0 0.766
67.0 0.749
68.0 0.736
69.0 0.713
70.0 0.687
71.0 0.674
72.0 0.684
73.0 0.684
74.0 0.686
75.0 0.669
76.0 0.663
77.0 0.687
78.0 0.587
79.0 0.613
80.0 0.569
81.0 0.579
82.0 0.715
83.0 0.583
84.0 0.612
85.0 0.676
86.0 0.661
87.0 0.565
88.0 0.685
89.0 0.607
90.0 0.669
91.0 0.652
92.0 0.592
93.0 0.573
94.0 0.572
95.0 0.554
96.0 0.586
97.0 0.575
98.0 0.531
99.0 0.52
100.0 0.587
