0 0.924
1 0.953
2 0.938
3 0.937
4 0.93
5 0.861
6 0.903
7 0.894
8 0.921
9 0.889
10 0.896
11 0.883
12 0.883
13 0.838
14 0.85
15 0.848
16 0.838
17 0.817
18 0.799
19 0.802
20 0.796
21 0.792
22 0.777
23 0.776
24 0.763
25 0.746
26 0.712
27 0.736
28 0.72
29 0.711
30 0.699
31 0.696
32 0.671
33 0.671
34 0.661
35 0.644
36 0.633
37 0.634
38 0.622
39 0.611
40 0.598
41 0.595
42 0.579
43 0.57
44 0.563
45 0.543
46 0.543
47 0.534
48 0.521
49 0.509
50 0.501
51 0.5
52 0.523
53 0.535
54 0.537
55 0.544
56 0.562
57 0.579
58 0.578
59 0.597
60 0.596
61 0.605
62 0.61
63 0.62
64 0.639
65 0.646
66 0.66
67 0.665
68 0.687
69 0.688
70 0.697
71 0.709
72 0.725
73 0.728
74 0.709
75 0.756
76 0.758
77 0.774
78 0.764
79 0.793
80 0.811
81 0.819
82 0.814
83 0.827
84 0.841
85 0.819
86 0.862
87 0.84
88 0.88
89 0.878
90 0.895
91 0.9
92 0.917
93 0.89
94 0.913
95 0.869
96 0.93
97 0.969
98 0.98
99 0.941
100 0.981