0.0 0.597
1.0 0.602
2.0 0.718
3.0 0.599
4.0 0.724
5.0 0.891
6.0 0.965
7.0 0.918
8.0 0.922
9.0 0.902
10.0 0.879
11.0 0.883
12.0 0.882
13.0 0.864
14.0 0.845
15.0 0.847
16.0 0.834
17.0 0.818
18.0 0.813
19.0 0.797
20.0 0.797
21.0 0.778
22.0 0.772
23.0 0.776
24.0 0.757
25.0 0.746
26.0 0.733
27.0 0.729
28.0 0.717
29.0 0.705
30.0 0.702
31.0 0.685
32.0 0.679
33.0 0.667
34.0 0.659
35.0 0.646
36.0 0.633
37.0 0.617
38.0 0.624
39.0 0.6
40.0 0.589
41.0 0.588
42.0 0.584
43.0 0.574
44.0 0.555
45.0 0.544
46.0 0.542
47.0 0.537
48.0 0.511
49.0 0.501
50.0 0.501
51.0 0.5
52.0 0.51
53.0 0.53
54.0 0.532
55.0 0.544
56.0 0.556
57.0 0.565
58.0 0.575
59.0 0.597
60.0 0.6
61.0 0.606
62.0 0.619
63.0 0.626
64.0 0.632
65.0 0.645
66.0 0.647
67.0 0.666
68.0 0.659
69.0 0.684
70.0 0.7
71.0 0.702
72.0 0.717
73.0 0.721
74.0 0.735
75.0 0.74
76.0 0.752
77.0 0.764
78.0 0.774
79.0 0.789
80.0 0.794
81.0 0.806
82.0 0.819
83.0 0.824
84.0 0.826
85.0 0.844
86.0 0.859
87.0 0.862
88.0 0.87
89.0 0.885
90.0 0.887
91.0 0.991
92.0 0.914
93.0 0.926
94.0 0.992
95.0 0.688
96.0 0.764
97.0 0.697
98.0 0.993
99.0 0.994
100.0 0.669
