0.0 0.951
1.0 0.933
2.0 0.908
3.0 0.854
4.0 0.817
5.0 0.801
6.0 0.756
7.0 0.745
8.0 0.715
9.0 0.68
10.0 0.666
11.0 0.677
12.0 0.644
13.0 0.64
14.0 0.611
15.0 0.615
16.0 0.542
17.0 0.591
18.0 0.538
19.0 0.526
20.0 0.571
21.0 0.517
22.0 0.554
23.0 0.513
24.0 0.545
25.0 0.51
26.0 0.538
27.0 0.545
28.0 0.509
29.0 0.516
30.0 0.514
31.0 0.513
32.0 0.525
33.0 0.505
34.0 0.505
35.0 0.524
36.0 0.512
37.0 0.506
38.0 0.5
39.0 0.501
40.0 0.506
41.0 0.51
42.0 0.51
43.0 0.5
44.0 0.502
45.0 0.505
46.0 0.502
47.0 0.501
48.0 0.501
49.0 0.501
50.0 0.503
51.0 0.5
52.0 0.502
53.0 0.504
54.0 0.505
55.0 0.505
56.0 0.513
57.0 0.501
58.0 0.502
59.0 0.507
60.0 0.51
61.0 0.505
62.0 0.509
63.0 0.516
64.0 0.506
65.0 0.517
66.0 0.511
67.0 0.508
68.0 0.528
69.0 0.529
70.0 0.509
71.0 0.508
72.0 0.523
73.0 0.542
74.0 0.535
75.0 0.546
76.0 0.544
77.0 0.552
78.0 0.554
79.0 0.569
80.0 0.576
81.0 0.526
82.0 0.596
83.0 0.577
84.0 0.542
85.0 0.543
86.0 0.55
87.0 0.636
88.0 0.666
89.0 0.657
90.0 0.692
91.0 0.713
92.0 0.727
93.0 0.749
94.0 0.762
95.0 0.78
96.0 0.837
97.0 0.904
98.0 0.907
99.0 0.965
100.0 0.967
