5 0.626
5 0.63
5 0.6
5 0.502
5 0.509
5 0.54
5 0.56
5 0.5
5 0.507
5 0.53
5 0.506
5 0.56
5 0.53
5 0.55
5 0.505
5 0.504
5 0.503
5 0.503
5 0.504
5 0.502
5 0.505
5 0.505
5 0.541
5 0.502
5 0.504
5 0.53
5 0.521
5 0.5
5 0.517
5 0.505
5 0.504
5 0.52
5 0.5
5 0.516
5 0.506
5 0.517
5 0.504
5 0.5
5 0.502
5 0.501
5 0.5
5 0.507
5 0.505
5 0.501
5 0.507
5 0.504
5 0.503
5 0.501
5 0.505
5 0.503
5 0.502
5 0.502
5 0.509
5 0.502
5 0.502
5 0.5
5 0.511
5 0.503
5 0.506
5 0.509
5 0.506
5 0.503
5 0.504
5 0.501
5 0.502
5 0.504
5 0.508
5 0.505
5 0.507
5 0.503
5 0.518
5 0.503
5 0.507
5 0.5
5 0.503
5 0.531
5 0.525
5 0.509
5 0.501
5 0.503
5 0.502
5 0.507
5 0.507
5 0.543
5 0.547
5 0.506
5 0.576
5 0.5
5 0.53
5 0.502
5 0.54
5 0.56
5 0.517
5 0.52
5 0.51
5 0.54
5 0.501
5 0.507
5 0.522
5 0.784
5 0.647
