0.0 0.711
1.0 0.707
2.0 0.729
3.0 0.753
4.0 0.782
5.0 0.823
6.0 0.834
7.0 0.858
8.0 0.863
9.0 0.878
10.0 0.883
11.0 0.896
12.0 0.904
13.0 0.906
14.0 0.926
15.0 0.926
16.0 0.913
17.0 0.941
18.0 0.938
19.0 0.952
20.0 0.959
21.0 0.96
22.0 0.961
23.0 0.696
24.0 0.745
25.0 0.726
26.0 0.736
27.0 0.748
28.0 0.745
29.0 0.748
30.0 0.713
31.0 0.68
32.0 0.695
33.0 0.719
34.0 0.654
35.0 0.67
36.0 0.699
37.0 0.684
38.0 0.693
39.0 0.66
40.0 0.724
41.0 0.661
42.0 0.67
43.0 0.653
44.0 0.675
45.0 0.672
46.0 0.633
47.0 0.656
48.0 0.625
49.0 0.628
50.0 0.647
51.0 0.655
52.0 0.632
53.0 0.673
54.0 0.663
55.0 0.605
56.0 0.636
57.0 0.667
58.0 0.592
59.0 0.595
60.0 0.606
61.0 0.61
62.0 0.642
63.0 0.598
64.0 0.633
65.0 0.646
66.0 0.622
67.0 0.599
68.0 0.629
69.0 0.621
70.0 0.555
71.0 0.564
72.0 0.575
73.0 0.608
74.0 0.569
75.0 0.58
76.0 0.596
77.0 0.593
78.0 0.963
79.0 0.957
80.0 0.955
81.0 0.941
82.0 0.939
83.0 0.954
84.0 0.944
85.0 0.922
86.0 0.916
87.0 0.923
88.0 0.885
89.0 0.885
90.0 0.869
91.0 0.859
92.0 0.86
93.0 0.856
94.0 0.831
95.0 0.846
96.0 0.8
97.0 0.763
98.0 0.748
99.0 0.723
100.0 0.525
