0.0 0.711
1.0 0.707
2.0 0.729
3.0 0.753
4.0 0.782
5.0 0.823
6.0 0.834
7.0 0.858
8.0 0.863
9.0 0.878
10.0 0.883
11.0 0.896
12.0 0.904
13.0 0.906
14.0 0.926
15.0 0.926
16.0 0.913
17.0 0.941
18.0 0.938
19.0 0.952
20.0 0.959
21.0 0.96
22.0 0.961
23.0 0.973
24.0 0.972
25.0 0.967
26.0 0.977
27.0 0.97
28.0 0.919
29.0 0.978
30.0 0.529
31.0 0.518
32.0 0.534
33.0 0.503
34.0 0.536
35.0 0.507
36.0 0.507
37.0 0.523
38.0 0.504
39.0 0.515
40.0 0.501
41.0 0.502
42.0 0.503
43.0 0.503
44.0 0.504
45.0 0.519
46.0 0.503
47.0 0.502
48.0 0.505
49.0 0.501
50.0 0.507
51.0 0.509
52.0 0.505
53.0 0.504
54.0 0.506
55.0 0.501
56.0 0.517
57.0 0.501
58.0 0.504
59.0 0.513
60.0 0.508
61.0 0.517
62.0 0.506
63.0 0.517
64.0 0.506
65.0 0.522
66.0 0.507
67.0 0.506
68.0 0.515
69.0 0.54
70.0 0.506
71.0 0.526
72.0 0.52
73.0 0.973
74.0 0.971
75.0 0.968
76.0 0.968
77.0 0.972
78.0 0.963
79.0 0.957
80.0 0.955
81.0 0.963
82.0 0.939
83.0 0.954
84.0 0.944
85.0 0.932
86.0 0.916
87.0 0.923
88.0 0.885
89.0 0.885
90.0 0.869
91.0 0.859
92.0 0.86
93.0 0.856
94.0 0.831
95.0 0.846
96.0 0.8
97.0 0.763
98.0 0.748
99.0 0.723
100.0 0.682
